  11.00    17.76  
  12.00    19.59  
  13.00    21.48  
  14.00    23.41  
  15.00    25.40  
  16.00    27.44  
  17.00    29.54  
  18.00    31.68  
  20.00    36.12  
  22.50    41.95  
  25.00    48.11  
  27.50    54.64  
  30.00    61.54  
  32.50    68.79  
  35.00    76.41  
  37.50    84.39  
  40.00    92.73  
  45.00   110.52  
  50.00   129.81  
  55.00   150.60  
  60.00   172.93  
  65.00   196.78  
  70.00   222.18  
  80.00   277.56  
  90.00   339.12  
 100.00   406.82  
 110.00   480.58  
 120.00   560.31  
 130.00   645.88  
 140.00   737.18  
 150.00   834.05  
 160.00   936.38  
 170.00     1040  
 180.00     1160  
 200.00     1400  
 225.00     1730  
 250.00     2080  
 275.00     2470  
 300.00     2890  
 325.00     3330  
 330.00     3420  

